26.62
-3.30
-13.26
-27.33
-1.67
30.73
2.47
29.83
21.17
-20.65
19.25
1.11
-4.24
-8.47
12.42
16.03
12.45
23.01
-3.81
3.49
4.20
12.85
18.66
14.09
11.80
0.93
32.85
19.02
3.56
-3.56
25.39
6.18
4.86
16.81
-3.01
14.24
11.34
7.73
-4.82
13.65
7.80
-6.95
8.84
12.45
12.38
-7.12
-14.75
23.64
20.69
-3.67
3.59
11.38
17.85
0.46
25.38
14.68
9.18
29.03
20.81
1.50
13.21
25.96
0.66
24.14
8.24
11.66
-2.42
31.71
14.18
23.84
22.97
9.23
1.24
-4.88
-7.13
17.16
8.24
4.05
10.15
7.37
-13.89
11.11
12.28
7.67
10.72
15.65
12.41
1.34
7.34
14.08
-2.54
22.58
15.35
15.31
