43.81
-8.30
-25.12
-43.84
-8.64
49.98
-1.19
46.74
31.94
-35.34
29.28
-1.10
-10.67
-12.77
19.17
25.06
19.03
35.82
-8.43
5.20
5.70
18.30
30.81
23.68
18.15
-1.21
52.56
32.60
7.44
-10.46
43.72
12.06
0.34
26.64
-8.81
22.61
16.42
12.40
-9.97
23.80
10.81
-8.24
3.56
14.22
18.76
-14.31
-25.90
37.00
23.83
-6.98
6.51
18.52
31.74
-4.70
20.42
22.34
6.15
31.24
18.49
5.81
16.54
31.48
-3.06
30.23
7.49
9.97
1.33
37.20
22.68
33.10
28.34
20.89
-9.03
-11.85
-21.97
28.36
10.74
4.83
15.61
5.48
-36.55
25.94
14.82
2.10
15.89
32.15
13.52
1.38
11.77
21.61
-4.23
31.21
18.02
28.47
